best : 13_XGB_GS
mae : 1.3672


03_dnn.py
loss : 1.774996395111084
mae : 1.7749967575073242


04_LSTM.py
loss : 1.845429183959961
mae : 1.8454290628433228


05_RFR.py
loss : -0.044404494645248455
mae : 1.801080325000001


06_dcTreeR.py
loss : -1.0874375252227273
mae : 2.533742500000001

07_GBR_p.py
R2 : -0.011436525893423255
MAE : 0.6007508773252448

08_GBR_m.py
score : 0.2268030413085386
mae : 1.4485598492284117

09_XGBR_p.py
score : 0.4355106267232899
mae : 0.441551398624575

10_XGBR_m.py
score : 0.2268030413085386
mae : 1.4485598492284117

11_new1.py : XGBR, Multioutput, 파라미터 적용
R2 : 0.31371972630857015
mae : 1.3680957676981387


12_new2.py : XGBR, y->pca, 파라미터 적용
R2 : 0.5323469728598869
MAE : 0.41220154492075656